#creating matrices in R
data1 <- 1:6
data2 <- 10:15
data1+data2
data1-data2
data1*data2
p <- matrix(0,2,2)
p
p <- matrix(c(1,2,3,4),2,2)
p
p <- matrix(c(1,2,3,4),3,3)
p
p[1,1]=10
p
p*p
p

x0 <- c(0,0,1,0,0) 

